# <problem>: (<pregrasp_opening>, [<successful_grasp>*])
import numpy as np

episodes = [
    # ((22, '010_potted_meat_can'), [(0.13, [[0.1426278279687659, 0.9666155722445002, 0.21286530525980352, -0.08757660582602009], [0.041602400841031076, 0.2090193073633296, -0.9770261866468145, 0.08893864089505617], [-0.9889016851705604, 0.14820683062460804, -0.010401558682930745, 0.03480058243461427], [0.0, 0.0, 0.0, 1.0]]), (0.13, [[-0.12182871883020506, -0.8792876682538401, 0.46044647867577027, -0.11099980805381313], [-0.07926476751379538, -0.45380140869237107, -0.887570491904617, 0.07119447275981176], [0.989381048888231, -0.1446287589850151, -0.014410488377554013, 0.0446617956204303], [0.0, 0.0, 0.0, 1.0]]), (0.13, [[-0.10169308570305184, -0.9944524256176516, 0.0268866045338787, -0.05866762057087504], [-0.010373763882516117, -0.02596519621702799, -0.9996090203716257, 0.08197833356145283], [0.9947617309401792, -0.10193224106523245, -0.007675733731558154, 0.042547880962409815], [0.0, 0.0, 0.0, 1.0]])]),
    # ((27, 'chip_star'), [(0.13, [[-0.3779651095504733, -0.055508333737201654, 0.9241543165771711, -0.09689687510285483], [-0.14787365531478266, 0.9890056761535212, -0.0010745231320698062, 0.018963093997238705], [-0.913934219747977, -0.1370642091205284, -0.38201785894355844, 0.04139881729274539], [0.0, 0.0, 0.0, 1.0]]), (0.13, [[-0.6167020537816166, 0.009518321150579115, 0.7871391099570715, -0.08543154783870294], [-0.009993789617830316, 0.9997516448290906, -0.01991915737681418, 0.02022530312075443], [-0.7871332168258499, -0.020150687928757717, -0.6164537685385557, 0.06754407084119199], [0.0, 0.0, 0.0, 1.0]]), (0.13, [[-0.1369319064013624, -0.038732023718971886, 0.9898229555571652, -0.11470233268681537], [-0.17944983789516072, 0.9836721955148444, 0.013666288830773707, 0.0036164304581612064], [-0.9741906428870527, -0.17575221793661266, -0.14164656438358236, 0.014340875118277585], [0.0, 0.0, 0.0, 1.0]])]),
    # ((44, '008_pudding_box'), [(0.13, [[-0.6070517826959748, 0.7819681635348444, 0.141470577660453, -0.05524665065109118], [0.7932756651514971, 0.6068245082454193, 0.04977685477362905, -0.009678564906392847], [-0.04692389800612429, 0.14244229502029232, -0.9886902145693883, 0.1177422979377207], [0.0, 0.0, 0.0, 1.0]]), (0.13, [[0.4290875987673454, -0.8934952406665873, 0.13247674320510616, -0.0570320494880924], [-0.9029952769657894, -0.42789164458795165, 0.03883645541621863, -0.005396026644267667], [0.0219855034409371, -0.13629011482120076, -0.9904249806221936, 0.12850442356004757], [0.0, 0.0, 0.0, 1.0]]), (0.13, [[-0.37350277599760734, 0.918818046661747, 0.1275502781289528, -0.05181832654111539], [0.9276222850501418, 0.37047797296323326, 0.047570661414441724, -0.009618359320204845], [-0.0035457862928863445, 0.13608625455109646, -0.9906906473374115, 0.11246625904018406], [0.0, 0.0, 0.0, 1.0]])]),
    ((47, 'kinokonoyama'), [(0.13, [[0.04954476341874296, -0.9987667435487098, -0.0032106695387634776, -0.0016330160756938533], [-0.9987694238379222, -0.049551548457556986, 0.0020693119444402104, 0.04673977176550381], [-0.0022258535993662097, 0.003104194994637339, -0.9999927047479846, 0.10181406965684824], [0.0, 0.0, 0.0, 1.0]]), (0.13, [[0.18062382690699919, 0.9834605485093577, 0.013430661902689378, -0.038550802339053045], [0.9834980433171304, -0.18074039776181744, 0.008031650408019408, 0.042673674692693814], [0.010326274490202764, 0.01175832226867344, -0.9998775474589771, 0.1076864888457039], [0.0, 0.0, 0.0, 1.0]]), (0.13, [[-0.07495060874345084, -0.9967104111312625, -0.030834438401499575, 0.055186931673706106], [-0.9971838665111169, 0.07483399605210565, 0.004920305357640884, 0.04551343314407656], [-0.0025966553342988857, 0.031116384388665035, -0.9995123951225676, 0.1122609566969193], [0.0, 0.0, 0.0, 1.0]])]),
    ((65, 'kinokonoyama'), [(0.13, [[0.16222091851606996, 0.9866791136513153, -0.012194272428386776, 0.032117348829835454], [0.9867396223791541, -0.16227387181418923, -0.003479677208640685, 0.046355820755635234], [-0.0054121366249255485, -0.011468095338249393, -0.9999195925505542, 0.11458669779296332], [0.0, 0.0, 0.0, 1.0]]), (0.13, [[-0.013779118748411775, 0.99990438061918, -0.001168548283924098, -0.008114949658088719], [0.9998837561894042, 0.01378644501922185, 0.006512145752371337, 0.04232286264610902], [0.006527633191695299, -0.0010786808177892626, -0.9999781129867836, 0.116610245989423], [0.0, 0.0, 0.0, 1.0]]), (0.13, [[-0.019340890268691326, -0.9997532598008742, -0.010924718812899137, 0.02275019589311996], [-0.9998128993811399, 0.019343124308094314, -9.885889207454204e-05, 0.04586383997611716], [0.0003101526936407049, 0.010920762772264373, -0.9999403185919542, 0.11205573095391355], [0.0, 0.0, 0.0, 1.0]])]),
    ((86, '033_spatula'), [(0.08, [[-0.3781258296114588, -0.9206806021543794, -0.09678887228032096, -0.12074330110087235], [-0.9255725598639264, 0.37805078017754384, 0.01982533818347809, -0.0579546005390474], [0.018338304381401042, 0.09708159673079433, -0.9951074666429827, 0.125675582795905], [0.0, 0.0, 0.0, 1.0]]), (0.08, [[-0.5526556056890949, -0.8333403234743137, 0.010755778546709616, -0.15289019254790254], [-0.8319970422738979, 0.5509217476395218, -0.06531576858080233, -0.043235829936463625], [0.048504671402922334, -0.045045901584287465, -0.9978066764672169, 0.12566590526088398], [0.0, 0.0, 0.0, 1.0]]), (0.08, [[0.05175700919284389, -0.9956649334134196, -0.0772822901463397, -0.1252399468637984], [-0.99858478430367, -0.050650013813248, -0.01621741834913899, -0.052781418508813904], [0.0122327656973015, 0.07801228410685679, -0.9968773460019171, 0.12747350987493278], [0.0, 0.0, 0.0, 1.0]])]),
    ((100, 'gogotea_straight'), [(0.1, [[-0.9995037852180069, -0.029260558394855966, 0.01166203486950268, 0.0016861283673831485], [-0.029933569197492165, 0.9975983767867126, -0.06246166878666546, 0.035891510969961675], [-0.00980636374887361, -0.06277976071105539, -0.9979792266751284, 0.09881220771476724], [0.0, 0.0, 0.0, 1.0]]), (0.1, [[0.9980092717660617, 0.053915628215483014, 0.03272000157558019, 0.0009856707408798329], [0.05562082663613948, -0.9970090282850687, -0.05365930639112558, 0.012383642126038605], [0.029729061762670577, 0.05537239883004878, -0.9980230860729211, 0.11343256338096931], [0.0, 0.0, 0.0, 1.0]]), (0.1, [[0.9452625006132087, -0.32568373338863554, -0.02022154149673505, 0.001235731933533264], [-0.32630546921656994, -0.9437876032379153, -0.05281761764587363, 0.010982768085195977], [-0.001883001279377983, 0.0565249129187453, -0.9983994133240014, 0.12650741539751337], [0.0, 0.0, 0.0, 1.0]])]),
    ((121, '052_extra_large_clamp'), [(0.06, [[-0.6298790026101008, 0.7759700252135168, -0.03351062579300157, 0.06168348109295214], [0.774954571762524, 0.6307690452843411, 0.039696639850796876, 0.041431102227933767], [0.05194086806424733, -0.0009651327447176014, -0.9986496957109221, 0.13138246444601404], [0.0, 0.0, 0.0, 1.0]]), (0.06, [[-0.670000625765352, 0.6929108578743715, 0.26640890471949175, -0.00973080393678695], [0.6441151481469011, 0.7210231118825071, -0.2554238596117469, 0.04817754162635245], [-0.36907294319921696, 0.0004638653557772673, -0.9294003160249082, 0.12577683830531122], [0.0, 0.0, 0.0, 1.0]]), (0.06, [[0.66770733065003, -0.7433617864328189, -0.03975141591969433, 0.05457783163514638], [-0.7429852871821159, -0.6687843413292557, 0.026464463412331957, 0.0426207532548311], [-0.0462577953119347, 0.011864200950855823, -0.9988590777024943, 0.1207675034347273], [0.0, 0.0, 0.0, 1.0]])])
]


bb_centers = {'004_sugar_box': np.array([[-0.99816239,  0.04933458, -0.03518443, -0.00364624],
        [ 0.04975741,  0.99869804, -0.01124416,  0.01789057],
        [ 0.03458389, -0.01297418, -0.99931758,  0.08766811],
        [ 0.        ,  0.        ,  0.        ,  1.        ]]),
 '008_pudding_box': np.array([[ 0.02468535,  0.01436601, -0.99959204,  0.01783289],
        [ 0.46265658, -0.88653661, -0.00131569,  0.0164848 ],
        [-0.88619384, -0.46243535, -0.02853099,  0.00987866],
        [ 0.        ,  0.        ,  0.        ,  1.        ]]),
 '010_potted_meat_can': np.array([[ 4.60477483e-02, -9.98939206e-01, -2.59855485e-04,
         -2.50059218e-02],
        [ 3.44599687e-03, -1.01280982e-04,  9.99994057e-01,
         -3.83503721e-02],
        [-9.98933296e-01, -4.60483701e-02,  3.43767762e-03,
         -3.41876083e-02],
        [ 0.00000000e+00,  0.00000000e+00,  0.00000000e+00,
          1.00000000e+00]]),
 '012_strawberry': np.array([[-8.67545293e-02,  9.91445677e-01, -9.75147238e-02,
         -1.46179750e-02],
        [-3.34482596e-02,  9.49298044e-02,  9.94921879e-01,
         -2.39511788e-02],
        [ 9.95668050e-01,  8.95756772e-02,  2.49265419e-02,
         -3.85190169e-04],
        [ 0.00000000e+00,  0.00000000e+00,  0.00000000e+00,
          1.00000000e+00]]),
 '013_apple': np.array([[ 0.06043277,  0.03791455, -0.99745194,  0.03456174],
        [-0.97634367, -0.2055924 , -0.06696873,  0.00313632],
        [-0.20760763,  0.97790299,  0.02459312,  0.00312158],
        [ 0.        ,  0.        ,  0.        ,  1.        ]]),
 '014_lemon': np.array([[-0.6028229 ,  0.79183366, -0.09800006, -0.02072278],
        [-0.44629959, -0.43645578, -0.78123174,  0.02456378],
        [-0.66137828, -0.42720699,  0.61650058, -0.01432607],
        [ 0.        ,  0.        ,  0.        ,  1.        ]]),
 '016_pear': np.array([[-8.99837680e-02,  1.23096756e-02, -9.95867156e-01,
          2.94139258e-02],
        [ 8.72875249e-01, -4.80516435e-01, -8.48101122e-02,
          3.43205930e-02],
        [-4.79574521e-01, -8.76899326e-01,  3.24938682e-02,
         -8.87697249e-04],
        [ 0.00000000e+00,  0.00000000e+00,  0.00000000e+00,
          1.00000000e+00]]),
 '026_sponge': np.array([[ 0.01297608,  0.01109588, -0.99985424,  0.00931384],
        [ 0.9997136 , -0.02025244,  0.0127495 ,  0.01652142],
        [-0.02010802, -0.99973332, -0.0113555 ,  0.01342913],
        [ 0.        ,  0.        ,  0.        ,  1.        ]]),
 '002_master_chef_can': np.array([[-5.61663419e-01, -8.27365660e-01,  5.18258488e-04,
         -1.76479323e-02],
        [-8.27352496e-01,  5.61657817e-01,  5.32384039e-03,
         -9.24960553e-03],
        [-4.69584665e-03,  2.56142394e-03, -9.99985694e-01,
          6.98556147e-02],
        [ 0.00000000e+00,  0.00000000e+00,  0.00000000e+00,
          1.00000000e+00]]),
 '015_peach': np.array([[ 0.54260028, -0.42889024,  0.72224518, -0.00741753],
        [-0.61294083,  0.38576084,  0.68955936, -0.03206932],
        [-0.57435919, -0.81684866, -0.0535704 , -0.00137203],
        [ 0.        ,  0.        ,  0.        ,  1.        ]]),
 '018_plum': np.array([[-3.92800615e-01,  9.19622231e-01, -1.62168726e-03,
         -2.15967898e-02],
        [ 3.12338997e-03,  3.09751219e-03,  9.99990325e-01,
         -2.62789076e-02],
        [ 9.19618356e-01,  3.92791750e-01, -4.08904354e-03,
         -4.65447518e-04],
        [ 0.00000000e+00,  0.00000000e+00,  0.00000000e+00,
          1.00000000e+00]]),
 '024_bowl': np.array([[-0.00174897, -0.00980537, -0.9999504 ,  0.02601973],
        [ 0.30839433, -0.95121801,  0.00878811, -0.03742969],
        [-0.951257  , -0.30836366,  0.00468757, -0.02773875],
        [ 0.        ,  0.        ,  0.        ,  1.        ]]),
 '025_mug': np.array([[ 2.15991282e-05,  4.59645698e-04, -9.99999894e-01,
          4.01107612e-02],
        [ 5.60184385e-01, -8.28367864e-01, -3.68656270e-04,
          2.61815557e-02],
        [-8.28367946e-01, -5.60184318e-01, -2.75378366e-04,
         -1.23221811e-03],
        [ 0.00000000e+00,  0.00000000e+00,  0.00000000e+00,
          1.00000000e+00]]),
 '030_fork': np.array([[ 0.01133636,  0.23121687, -0.97283619,  0.01141858],
        [ 0.01877447, -0.97277642, -0.23098389, -0.01844968],
        [-0.99975947, -0.01564597, -0.01536872, -0.02574488],
        [ 0.        ,  0.        ,  0.        ,  1.        ]]),
 '032_knife': np.array([[ 0.04648095, -0.46158937, -0.88587515, -0.0099747 ],
        [-0.03311754, -0.88705822,  0.46046817, -0.02691977],
        [-0.99837005,  0.007935  , -0.05651801, -0.01890527],
        [ 0.        ,  0.        ,  0.        ,  1.        ]]),
 '033_spatula': np.array([[-2.84363109e-04, -2.57367517e-03, -9.99996648e-01,
          1.55768990e-02],
        [-2.24994867e-01, -9.74356555e-01,  2.57166613e-03,
         -9.18109925e-02],
        [-9.74359907e-01,  2.24994844e-01, -3.01992644e-04,
         -9.96852609e-03],
        [ 0.00000000e+00,  0.00000000e+00,  0.00000000e+00,
          1.00000000e+00]]),
 '036_wood_block': np.array([[-0.21333194, -0.97697427, -0.00327981, -0.00512754],
        [-0.97696871,  0.2133443 , -0.00404349,  0.02551254],
        [ 0.00465012,  0.00234166, -0.99998645,  0.10259753],
        [ 0.        ,  0.        ,  0.        ,  1.        ]]),
 '042_adjustable_wrench': np.array([[-0.05109249, -0.02634099, -0.99834649,  0.00463767],
        [-0.90529215, -0.42088873,  0.05743523, -0.00398588],
        [-0.42170569,  0.90672974, -0.00234204,  0.0065355 ],
        [ 0.        ,  0.        ,  0.        ,  1.        ]]),
 '043_phillips_screwdriver': np.array([[ 0.44462166, -0.88966581,  0.10395346,  0.01677012],
        [-0.09425873,  0.06893907,  0.99315794, -0.01727526],
        [-0.89074512, -0.45137806, -0.05320697, -0.03838394],
        [ 0.        ,  0.        ,  0.        ,  1.        ]]),
 '050_medium_clamp': np.array([[ 7.61071459e-03,  1.04945815e-03, -9.99970487e-01,
          1.25489720e-02],
        [-1.32531334e-01,  9.91178816e-01,  3.15434591e-05,
          1.65219792e-02],
        [ 9.91149596e-01,  1.32527182e-01,  7.68266516e-03,
         -1.17088574e-02],
        [ 0.00000000e+00,  0.00000000e+00,  0.00000000e+00,
          1.00000000e+00]]),
 '052_extra_large_clamp': np.array([[-0.01161827, -0.00353484, -0.99992626,  0.01736649],
        [-0.1189671 ,  0.99289592, -0.00212769,  0.0324803 ],
        [ 0.99283022,  0.11893361, -0.01195626,  0.02849705],
        [ 0.        ,  0.        ,  0.        ,  1.        ]]),
 '053_mini_soccer_ball': np.array([[ 0.34323076,  0.21154652,  0.91511787, -0.05678727],
        [-0.34412012, -0.87823595,  0.33208877, -0.01140846],
        [ 0.87394164, -0.42889355, -0.22864018,  0.02430799],
        [ 0.        ,  0.        ,  0.        ,  1.        ]]),
 '054_softball': np.array([[-0.01458325,  0.03568588,  0.99925665, -0.04756877],
        [ 0.99096355,  0.13378137,  0.00968456,  0.01768659],
        [-0.13333632,  0.99036815, -0.03731438, -0.01169182],
        [ 0.        ,  0.        ,  0.        ,  1.        ]]),
 '057_racquetball': np.array([[ 0.12851918,  0.19740147, -0.97186186,  0.05212368],
        [ 0.77962066,  0.58556944,  0.22203616,  0.07252983],
        [ 0.61292287, -0.78621949, -0.07864136, -0.08835542],
        [ 0.        ,  0.        ,  0.        ,  1.        ]]),
 '058_golf_ball': np.array([[-2.04804720e-01,  2.30161120e-01,  9.51357391e-01,
         -1.42537522e-02],
        [ 9.70653506e-01, -7.74037426e-02,  2.27684941e-01,
         -7.48351393e-04],
        [ 1.26042844e-01,  9.70069338e-01, -2.07554046e-01,
          3.46801839e-02],
        [ 0.00000000e+00,  0.00000000e+00,  0.00000000e+00,
          1.00000000e+00]]),
 '077_rubiks_cube': np.array([[-1.55132834e-03,  5.16172650e-03, -9.99985475e-01,
          2.85199948e-02],
        [ 8.91676422e-01,  4.52672342e-01,  9.53301770e-04,
          1.45460841e-02],
        [ 4.52670688e-01, -8.91661992e-01, -5.30483325e-03,
          7.08576505e-03],
        [ 0.00000000e+00,  0.00000000e+00,  0.00000000e+00,
          1.00000000e+00]]),
 'xylitol': np.array([[ 9.06840686e-01, -1.06574810e-02, -4.21338804e-01,
          7.76446803e-04],
        [-4.21218269e-01,  1.18730310e-02, -9.06881580e-01,
         -3.23636300e-04],
        [ 1.46676419e-02,  9.99872717e-01,  6.27782188e-03,
         -4.45725534e-02],
        [ 0.00000000e+00,  0.00000000e+00,  0.00000000e+00,
          1.00000000e+00]]),
 'toppo': np.array([[-2.35279433e-02, -1.08809674e-02,  9.99663964e-01,
          1.66963474e-03],
        [ 9.99722839e-01,  5.68909824e-04,  2.35355214e-02,
         -4.80026903e-04],
        [-8.24807892e-04,  9.99940639e-01,  1.08645664e-02,
         -8.08877392e-02],
        [ 0.00000000e+00,  0.00000000e+00,  0.00000000e+00,
          1.00000000e+00]]),
 'kinokonoyama': np.array([[-5.39664212e-03,  6.34918617e-03, -9.99965281e-01,
         -8.50402192e-05],
        [ 2.10759313e-03,  9.99977694e-01,  6.33789067e-03,
         -4.48612383e-02],
        [ 9.99983217e-01, -2.07331663e-03, -5.40990325e-03,
         -1.67224809e-04],
        [ 0.00000000e+00,  0.00000000e+00,  0.00000000e+00,
          1.00000000e+00]]),
 'chip_star': np.array([[ 8.68470517e-01, -1.63616637e-03,  4.95738120e-01,
         -7.88124837e-04],
        [ 4.95706972e-01, -8.81925481e-03, -8.68445058e-01,
          3.94154573e-04],
        [ 5.79296140e-03,  9.99959771e-01, -6.84820371e-03,
         -7.18037072e-02],
        [ 0.00000000e+00,  0.00000000e+00,  0.00000000e+00,
          1.00000000e+00]]),
 'chocoball': np.array([[ 1.59228918e-02, -8.04000687e-03, -9.99840897e-01,
          6.36674097e-04],
        [ 9.99870907e-01,  2.28012046e-03,  1.59050347e-02,
         -4.06640601e-04],
        [ 2.15188110e-03, -9.99965079e-01,  8.07527507e-03,
          4.86487025e-02],
        [ 0.00000000e+00,  0.00000000e+00,  0.00000000e+00,
          1.00000000e+00]]),
 'gogotea_straight': np.array([[ 1.66062080e-02,  5.96496445e-03, -9.99844314e-01,
         -4.13355087e-03],
        [ 9.99862046e-01,  2.51438960e-04,  1.66080025e-02,
         -9.79849883e-04],
        [ 3.50465959e-04, -9.99982178e-01, -5.95996612e-03,
          1.08221003e-01],
        [ 0.00000000e+00,  0.00000000e+00,  0.00000000e+00,
          1.00000000e+00]]),
 'oi_ocha_350ml': np.array([[ 4.37613682e-01, -2.41389328e-03, -8.99159851e-01,
          2.15807694e-04],
        [ 8.99162969e-01,  6.51633237e-04,  4.37613450e-01,
          4.35991916e-03],
        [-4.70429720e-04, -9.99996874e-01,  2.45564707e-03,
          9.21583360e-02],
        [ 0.00000000e+00,  0.00000000e+00,  0.00000000e+00,
          1.00000000e+00]]),
 'calorie_mate_cheese': np.array([[ 1.79738507e-03,  9.64570583e-03, -9.99951864e-01,
         -6.67074751e-05],
        [-2.80441974e-03, -9.99949498e-01, -9.65072387e-03,
          5.05965020e-02],
        [-9.99994452e-01,  2.82163081e-03, -1.77024369e-03,
          2.22091185e-04],
        [ 0.00000000e+00,  0.00000000e+00,  0.00000000e+00,
          1.00000000e+00]]),
 'xylitol_7assort': np.array([[ 5.92409184e-01, -1.10332226e-02, -8.05561684e-01,
          2.55125155e-05],
        [ 8.05609356e-01, -2.06050520e-04,  5.92447063e-01,
          9.07885371e-04],
        [-6.70258672e-03, -9.99939111e-01,  8.76640111e-03,
          4.48444559e-02],
        [ 0.00000000e+00,  0.00000000e+00,  0.00000000e+00,
          1.00000000e+00]]),
 'cupnoodle_curry': np.array([[ 6.06780954e-01,  7.53351425e-03, -7.94833392e-01,
          5.04651176e-03],
        [ 7.94869073e-01, -5.97022797e-03,  6.06751607e-01,
          2.76533528e-03],
        [-1.74364671e-04, -9.99953800e-01, -9.61077811e-03,
          5.43215784e-02],
        [ 0.00000000e+00,  0.00000000e+00,  0.00000000e+00,
          1.00000000e+00]]),
 'creap': np.array([[ 1.43194940e-01, -4.86092405e-03, -9.89682566e-01,
          1.71863727e-04],
        [ 9.89694497e-01,  8.09843002e-04,  1.43192689e-01,
         -8.28633181e-05],
        [ 1.05438713e-04, -9.99987858e-01,  4.92679521e-03,
          5.06616439e-02],
        [ 0.00000000e+00,  0.00000000e+00,  0.00000000e+00,
          1.00000000e+00]]),
 'ginger_tube': np.array([[-3.44239308e-03,  9.25451773e-04, -9.99993647e-01,
          4.21517275e-04],
        [-9.99993473e-01, -1.10065947e-03,  3.44137387e-03,
         -3.42178679e-04],
        [-1.09746766e-03,  9.99998966e-01,  9.29234634e-04,
         -7.32423235e-02],
        [ 0.00000000e+00,  0.00000000e+00,  0.00000000e+00,
          1.00000000e+00]]),
 'java_curry_chukara': np.array([[-1.85692011e-02,  1.72458841e-03, -9.99826090e-01,
         -6.16246642e-04],
        [-9.09494548e-03,  9.99956847e-01,  1.89372920e-03,
         -3.71521535e-02],
        [ 9.99786211e-01,  9.12852882e-03, -1.85527147e-02,
          1.03900897e-03],
        [ 0.00000000e+00,  0.00000000e+00,  0.00000000e+00,
          1.00000000e+00]]),
 'kikkoman_soysauce_gennenn': np.array([[-0.84420343,  0.03087901,  0.53513274, -0.00636571],
        [ 0.53513364, -0.00893091,  0.8447202 , -0.00423407],
        [ 0.03086334,  0.99948323, -0.00898489, -0.08171404],
        [ 0.        ,  0.        ,  0.        ,  1.        ]]),
 'kizami_aojiso_tube': np.array([[ 6.26664042e-03,  2.33761862e-03, -9.99977632e-01,
         -4.52267464e-04],
        [ 9.99975179e-01, -3.23513614e-03,  6.25906236e-03,
          5.07870041e-04],
        [-3.22043247e-03, -9.99992035e-01, -2.35783404e-03,
          7.32883701e-02],
        [ 0.00000000e+00,  0.00000000e+00,  0.00000000e+00,
          1.00000000e+00]]),
 'canned_iwashi_kabayaki': np.array([[ 6.41488778e-04,  9.99728387e-01, -2.32968130e-02,
         -1.55567254e-02],
        [-8.08688904e-03,  2.33012422e-02,  9.99695781e-01,
         -1.62265493e-03],
        [ 9.99967095e-01, -4.52894883e-04,  8.09964002e-03,
          1.58498083e-03],
        [ 0.00000000e+00,  0.00000000e+00,  0.00000000e+00,
          1.00000000e+00]]),
 'pan_meat': np.array([[-1.78663080e-02, -1.30413844e-02, -9.99755329e-01,
         -1.02976509e-04],
        [-9.99805394e-01,  8.59841941e-03,  1.77550400e-02,
         -3.74523229e-04],
        [ 8.36476532e-03,  9.99877987e-01, -1.31924684e-02,
         -7.75154811e-02],
        [ 0.00000000e+00,  0.00000000e+00,  0.00000000e+00,
          1.00000000e+00]]),
 'vermont_curry_amakuchi': np.array([[-9.48400653e-03,  7.92983779e-03, -9.99923583e-01,
         -1.38089251e-03],
        [-3.72445553e-04,  9.99968458e-01,  7.93372621e-03,
         -3.71583520e-02],
        [ 9.99954956e-01,  4.47660603e-04, -9.48075396e-03,
         -3.09116751e-04],
        [ 0.00000000e+00,  0.00000000e+00,  0.00000000e+00,
          1.00000000e+00]]),
 'jif': np.array([[ 0.01961799, -0.0018364 , -0.99980586,  0.00358358],
        [ 0.99978983, -0.00591757,  0.01962855,  0.00284088],
        [-0.00595247, -0.9999808 ,  0.00171992,  0.10552559],
        [ 0.        ,  0.        ,  0.        ,  1.        ]]),
 '7i_handsoap': np.array([[ 3.69289024e-02,  5.33660113e-04, -9.99317753e-01,
          5.04603347e-03],
        [ 9.99307910e-01, -4.49018825e-03,  3.69261408e-02,
         -2.77639570e-03],
        [-4.46741882e-03, -9.99989777e-01, -6.99108496e-04,
          7.69757897e-02],
        [ 0.00000000e+00,  0.00000000e+00,  0.00000000e+00,
          1.00000000e+00]]),
 'clinica_ad_hamigaki': np.array([[ 6.57119476e-01,  4.32274201e-04,  7.53786314e-01,
         -7.50744616e-03],
        [ 7.53784162e-01, -2.83432137e-03, -6.57115974e-01,
         -1.67813053e-03],
        [ 1.85241838e-03,  9.99995890e-01, -2.18832922e-03,
         -8.12957853e-02],
        [ 0.00000000e+00,  0.00000000e+00,  0.00000000e+00,
          1.00000000e+00]]),
 'clinica_advantage': np.array([[-0.59112957, -0.01324285,  0.80646789,  0.00320586],
        [-0.80657369,  0.00701578, -0.59109192,  0.00227988],
        [ 0.00216974, -0.9998877 , -0.01482857,  0.06583936],
        [ 0.        ,  0.        ,  0.        ,  1.        ]]),
 'nonio_strong_energy': np.array([[-6.73024947e-01, -3.65917471e-03, -7.39610729e-01,
         -1.20808789e-04],
        [-7.39613058e-01, -9.34110253e-04,  6.73031688e-01,
          4.14210897e-03],
        [-3.15361850e-03,  9.99992869e-01, -2.07769389e-03,
         -8.17611800e-02],
        [ 0.00000000e+00,  0.00000000e+00,  0.00000000e+00,
          1.00000000e+00]])
}


import trimesh
from dataset.object_loader import ObjectInfo
oi = ObjectInfo()

def compute_transform_to_bb_center():
    name_and_transforms = {}
    for name in oi.names():
        mesh = trimesh.load_mesh(oi.obj_file(name)[0])
        T, extend = trimesh.bounds.oriented_bounds(mesh)
        name_and_transforms[name] = T
    return name_and_transforms