# <problem>: (<pregrasp_opening>, [<successful_grasp>*])
import numpy as np
import pandas as pd
import transforms3d as tf
import pandas as pd

episodes = pd.read_pickle('./successful_grasps.pkl')

# episodes = [e for e in episodes if e[0] == (100, 'gogotea_straight')]


# episodes = [
#     ((22, '010_potted_meat_can'), [(0.13, [[0.1426278279687659, 0.9666155722445002, 0.21286530525980352, -0.08757660582602009], [0.041602400841031076, 0.2090193073633296, -0.9770261866468145, 0.08893864089505617], [-0.9889016851705604, 0.14820683062460804, -0.010401558682930745, 0.03480058243461427], [0.0, 0.0, 0.0, 1.0]]), (0.13, [[-0.12182871883020506, -0.8792876682538401, 0.46044647867577027, -0.11099980805381313], [-0.07926476751379538, -0.45380140869237107, -0.887570491904617, 0.07119447275981176], [0.989381048888231, -0.1446287589850151, -0.014410488377554013, 0.0446617956204303], [0.0, 0.0, 0.0, 1.0]]), (0.13, [[-0.10169308570305184, -0.9944524256176516, 0.0268866045338787, -0.05866762057087504], [-0.010373763882516117, -0.02596519621702799, -0.9996090203716257, 0.08197833356145283], [0.9947617309401792, -0.10193224106523245, -0.007675733731558154, 0.042547880962409815], [0.0, 0.0, 0.0, 1.0]])]),
#     ((27, 'chip_star'), [(0.13, [[-0.3779651095504733, -0.055508333737201654, 0.9241543165771711, -0.09689687510285483], [-0.14787365531478266, 0.9890056761535212, -0.0010745231320698062, 0.018963093997238705], [-0.913934219747977, -0.1370642091205284, -0.38201785894355844, 0.04139881729274539], [0.0, 0.0, 0.0, 1.0]]), (0.13, [[-0.6167020537816166, 0.009518321150579115, 0.7871391099570715, -0.08543154783870294], [-0.009993789617830316, 0.9997516448290906, -0.01991915737681418, 0.02022530312075443], [-0.7871332168258499, -0.020150687928757717, -0.6164537685385557, 0.06754407084119199], [0.0, 0.0, 0.0, 1.0]]), (0.13, [[-0.1369319064013624, -0.038732023718971886, 0.9898229555571652, -0.11470233268681537], [-0.17944983789516072, 0.9836721955148444, 0.013666288830773707, 0.0036164304581612064], [-0.9741906428870527, -0.17575221793661266, -0.14164656438358236, 0.014340875118277585], [0.0, 0.0, 0.0, 1.0]])]),
#     # ((44, '008_pudding_box'), [(0.13, [[-0.6070517826959748, 0.7819681635348444, 0.141470577660453, -0.05524665065109118], [0.7932756651514971, 0.6068245082454193, 0.04977685477362905, -0.009678564906392847], [-0.04692389800612429, 0.14244229502029232, -0.9886902145693883, 0.1177422979377207], [0.0, 0.0, 0.0, 1.0]]), (0.13, [[0.4290875987673454, -0.8934952406665873, 0.13247674320510616, -0.0570320494880924], [-0.9029952769657894, -0.42789164458795165, 0.03883645541621863, -0.005396026644267667], [0.0219855034409371, -0.13629011482120076, -0.9904249806221936, 0.12850442356004757], [0.0, 0.0, 0.0, 1.0]]), (0.13, [[-0.37350277599760734, 0.918818046661747, 0.1275502781289528, -0.05181832654111539], [0.9276222850501418, 0.37047797296323326, 0.047570661414441724, -0.009618359320204845], [-0.0035457862928863445, 0.13608625455109646, -0.9906906473374115, 0.11246625904018406], [0.0, 0.0, 0.0, 1.0]])]),
#     ((47, 'kinokonoyama'), [(0.13, [[0.04954476341874296, -0.9987667435487098, -0.0032106695387634776, -0.0016330160756938533], [-0.9987694238379222, -0.049551548457556986, 0.0020693119444402104, 0.04673977176550381], [-0.0022258535993662097, 0.003104194994637339, -0.9999927047479846, 0.10181406965684824], [0.0, 0.0, 0.0, 1.0]]), (0.13, [[0.18062382690699919, 0.9834605485093577, 0.013430661902689378, -0.038550802339053045], [0.9834980433171304, -0.18074039776181744, 0.008031650408019408, 0.042673674692693814], [0.010326274490202764, 0.01175832226867344, -0.9998775474589771, 0.1076864888457039], [0.0, 0.0, 0.0, 1.0]]), (0.13, [[-0.07495060874345084, -0.9967104111312625, -0.030834438401499575, 0.055186931673706106], [-0.9971838665111169, 0.07483399605210565, 0.004920305357640884, 0.04551343314407656], [-0.0025966553342988857, 0.031116384388665035, -0.9995123951225676, 0.1122609566969193], [0.0, 0.0, 0.0, 1.0]])]),
#     ((65, 'kinokonoyama'), [(0.13, [[0.16222091851606996, 0.9866791136513153, -0.012194272428386776, 0.032117348829835454], [0.9867396223791541, -0.16227387181418923, -0.003479677208640685, 0.046355820755635234], [-0.0054121366249255485, -0.011468095338249393, -0.9999195925505542, 0.11458669779296332], [0.0, 0.0, 0.0, 1.0]]), (0.13, [[-0.013779118748411775, 0.99990438061918, -0.001168548283924098, -0.008114949658088719], [0.9998837561894042, 0.01378644501922185, 0.006512145752371337, 0.04232286264610902], [0.006527633191695299, -0.0010786808177892626, -0.9999781129867836, 0.116610245989423], [0.0, 0.0, 0.0, 1.0]]), (0.13, [[-0.019340890268691326, -0.9997532598008742, -0.010924718812899137, 0.02275019589311996], [-0.9998128993811399, 0.019343124308094314, -9.885889207454204e-05, 0.04586383997611716], [0.0003101526936407049, 0.010920762772264373, -0.9999403185919542, 0.11205573095391355], [0.0, 0.0, 0.0, 1.0]])]),
#     ((86, '033_spatula'), [(0.08, [[-0.3781258296114588, -0.9206806021543794, -0.09678887228032096, -0.12074330110087235], [-0.9255725598639264, 0.37805078017754384, 0.01982533818347809, -0.0579546005390474], [0.018338304381401042, 0.09708159673079433, -0.9951074666429827, 0.125675582795905], [0.0, 0.0, 0.0, 1.0]]), (0.08, [[-0.5526556056890949, -0.8333403234743137, 0.010755778546709616, -0.15289019254790254], [-0.8319970422738979, 0.5509217476395218, -0.06531576858080233, -0.043235829936463625], [0.048504671402922334, -0.045045901584287465, -0.9978066764672169, 0.12566590526088398], [0.0, 0.0, 0.0, 1.0]]), (0.08, [[0.05175700919284389, -0.9956649334134196, -0.0772822901463397, -0.1252399468637984], [-0.99858478430367, -0.050650013813248, -0.01621741834913899, -0.052781418508813904], [0.0122327656973015, 0.07801228410685679, -0.9968773460019171, 0.12747350987493278], [0.0, 0.0, 0.0, 1.0]])]),
#     ((100, 'gogotea_straight'), [(0.1, [[-0.9995037852180069, -0.029260558394855966, 0.01166203486950268, 0.0016861283673831485], [-0.029933569197492165, 0.9975983767867126, -0.06246166878666546, 0.035891510969961675], [-0.00980636374887361, -0.06277976071105539, -0.9979792266751284, 0.09881220771476724], [0.0, 0.0, 0.0, 1.0]]), (0.1, [[0.9980092717660617, 0.053915628215483014, 0.03272000157558019, 0.0009856707408798329], [0.05562082663613948, -0.9970090282850687, -0.05365930639112558, 0.012383642126038605], [0.029729061762670577, 0.05537239883004878, -0.9980230860729211, 0.11343256338096931], [0.0, 0.0, 0.0, 1.0]]), (0.1, [[0.9452625006132087, -0.32568373338863554, -0.02022154149673505, 0.001235731933533264], [-0.32630546921656994, -0.9437876032379153, -0.05281761764587363, 0.010982768085195977], [-0.001883001279377983, 0.0565249129187453, -0.9983994133240014, 0.12650741539751337], [0.0, 0.0, 0.0, 1.0]])]),
#     ((121, '052_extra_large_clamp'), [(0.06, [[-0.6298790026101008, 0.7759700252135168, -0.03351062579300157, 0.06168348109295214], [0.774954571762524, 0.6307690452843411, 0.039696639850796876, 0.041431102227933767], [0.05194086806424733, -0.0009651327447176014, -0.9986496957109221, 0.13138246444601404], [0.0, 0.0, 0.0, 1.0]]), (0.06, [[-0.670000625765352, 0.6929108578743715, 0.26640890471949175, -0.00973080393678695], [0.6441151481469011, 0.7210231118825071, -0.2554238596117469, 0.04817754162635245], [-0.36907294319921696, 0.0004638653557772673, -0.9294003160249082, 0.12577683830531122], [0.0, 0.0, 0.0, 1.0]]), (0.06, [[0.66770733065003, -0.7433617864328189, -0.03975141591969433, 0.05457783163514638], [-0.7429852871821159, -0.6687843413292557, 0.026464463412331957, 0.0426207532548311], [-0.0462577953119347, 0.011864200950855823, -0.9988590777024943, 0.1207675034347273], [0.0, 0.0, 0.0, 1.0]])]),
#     ((129, 'java_curry_chukara'), [(0.13, [[0.2835133033486478, 0.947455827099349, 0.1481474350767722, -0.0858656892449388], [0.9576022501669482, -0.28795362511284406, 0.008979992180940831, 0.03643186817601949], [0.05116773690066532, 0.1393203699387156, -0.9889245154310836, 0.08853880588204491], [0.0, 0.0, 0.0, 1.0]]), (0.13, [[0.12773952802310706, -0.9865474329637453, -0.10201360445096763, -0.030812950675378023], [-0.9914367167875731, -0.12420131305369438, -0.04033944026899556, 0.045004262303048395], [0.02712654762242152, 0.10629297412521133, -0.993964765002113, 0.10173389361962593], [0.0, 0.0, 0.0, 1.0]]), (0.13, [[-0.028814772082566612, 0.9995563872580348, -0.007532436624094974, -0.07063100377785926], [0.9995839806494391, 0.028823390851101506, 0.0010381564751619904, 0.03526664231308253], [0.0012548063005988913, -0.007499388742484498, -0.9999710918969794, 0.09431433815860377], [0.0, 0.0, 0.0, 1.0]])]),
#     ((129, '033_spatula'), [(0.07, [[0.04578125752139987, -0.9966032338179089, -0.06845488151655799, -0.09107979257202885], [0.9815238024695097, 0.057621241108739285, -0.1824577149886622, -0.042041271715926726], [0.18578240402566285, -0.058836951967069485, 0.9808277684882654, -0.0976440653782869], [0.0, 0.0, 0.0, 1.0]]), (0.07, [[-0.41346503921055483, 0.8861093488194824, -0.209420350695265, -0.0732849205266979], [-0.9069052822692261, -0.4212569066819007, 0.008088730739264634, -0.06170709697722672], [-0.08105226920198015, 0.1932688296324831, 0.9777922525514815, -0.09424437127730234], [0.0, 0.0, 0.0, 1.0]]), (0.07, [[0.11672854808523056, -0.9902674732299934, 0.07579431063476094, -0.14594972723123986], [0.9911160638936654, 0.12104638198666237, 0.05510645424873111, -0.061889678037704524], [-0.0637447562850662, 0.06868846242727847, 0.9955995686899095, -0.09898487390874332], [0.0, 0.0, 0.0, 1.0]])]),
#     ((151, 'toppo'), [(0.13, [[-0.9972099621161067, 0.06370297352102097, -0.03891301351699328, 0.00448484751561143], [0.0630311094932643, 0.9978445666505247, 0.018256506842075335, 0.13921899280882113], [0.039992132881876925, 0.015752840080655924, -0.9990758116063825, 0.10857193113270404], [0.0, 0.0, 0.0, 1.0]]), (0.13, [[0.9675945715113948, -0.25114432784663543, 0.026215868708534318, -0.000629998170996937], [-0.25156519701851005, -0.9677365680758797, 0.014173441986966462, 0.1585639301739732], [0.021810475252034996, -0.02030914570289429, -0.9995558222381073, 0.11043731176165286], [0.0, 0.0, 0.0, 1.0]]), (0.13, [[-0.9998193636621796, -0.00207242642240022, -0.01889299062822225, 0.0030377137610454663], [-0.0030734117440972763, 0.9985840570378423, 0.05310776939483337, 0.14365340382631434], [0.01875617728657956, 0.05315624214113798, -0.9984100458904783, 0.09880069764736006], [0.0, 0.0, 0.0, 1.0]])]),
#     ((152, 'pan_meat'), [(0.13, [[0.9904972373689969, -0.13191064508797626, -0.03892048916521884, 0.004268562454470017], [-0.13170154468249912, -0.9912579375850624, 0.007899639412866947, 0.12453799300185636], [-0.039622290350630626, -0.0026986824717981205, -0.9992110844162441, 0.09454741940274979], [0.0, 0.0, 0.0, 1.0]]), (0.13, [[-0.995326971549049, 0.08382330181505591, -0.04793614272988789, 0.009480816059748726], [0.08403576950301356, 0.9964597739093285, -0.0024307251194775783, 0.14181469035479796], [0.04756268654139034, -0.006447716913150268, -0.9988474447059336, 0.11070551336702253], [0.0, 0.0, 0.0, 1.0]]), (0.13, [[0.998442287890641, -0.04594492827489021, -0.031655352114914104, 0.00019085914997478068], [-0.0462046611152509, -0.9989036690200284, -0.007522586626379059, 0.13990867619617847], [-0.031275022668717394, 0.008973493419050963, -0.9994705345196175, 0.10954820881275548], [0.0, 0.0, 0.0, 1.0]])]),
#     ((168, 'vermont_curry_amakuchi'), [(0.13, [[0.19752720180552957, -0.979920938503561, -0.02716539764440573, -0.04911058730257604], [-0.9802614243462344, -0.19768152514221163, 0.003091044506541929, 0.03549547384035004], [-0.00839907647124758, 0.026018626015803265, -0.9996261734341894, 0.10911180861723013], [0.0, 0.0, 0.0, 1.0]]), (0.13, [[0.21237522727921382, -0.9769200097220959, -0.022892300947757516, -0.046946329176714145], [-0.9770743913469814, -0.21264973385848787, 0.010282240215065913, 0.040478372210675385], [-0.014912967914816085, 0.020183787912447664, -0.9996850594529646, 0.11574260927840145], [0.0, 0.0, 0.0, 1.0]]), (0.13, [[-0.06249280692493941, 0.9977853292447404, -0.02278345510689217, -0.0523603939934891], [0.9979787013828355, 0.06273628655381998, 0.010132617414402306, 0.039671258098270566], [0.011539526371212465, -0.022104187236867714, -0.9996890737813061, 0.11656088355521474], [0.0, 0.0, 0.0, 1.0]])]),
#     ((170, 'pan_meat'), [(0.13, [[-0.9904489916710263, -0.13600513627454183, -0.022658283359310305, 0.0010681678066524808], [-0.1353014807443711, 0.9903459452550918, -0.030139973874895854, 0.020485404636265962], [0.026538730305500052, -0.026786407443741465, -0.9992888392101805, 0.07925961657501669], [0.0, 0.0, 0.0, 1.0]]), (0.13, [[-0.9947686763555412, -0.09963646494630134, -0.022535647202803988, 0.0023029610960256432], [-0.1003794029722601, 0.9943450763577125, 0.03466763017726431, 0.003071959885858463], [0.018954049719714094, 0.036748387395631556, -0.9991447843145874, 0.10374106521162706], [0.0, 0.0, 0.0, 1.0]]), (0.13, [[0.9959908068212121, 0.08763085040070903, -0.01797628397862905, 0.003906760267886705], [0.08741328757918498, -0.9960930422248834, -0.012552624656857572, 0.01385865506381661], [-0.019006048569612036, 0.010930932678678444, -0.9997596135214425, 0.08489081937655195], [0.0, 0.0, 0.0, 1.0]])]),
#     ((177, 'pan_meat'), [(0.14, [[-0.9871026404257981, 0.1571538649984067, 0.030512947751423658, -0.003594003534296274], [-0.15653038206436018, -0.9874311612994128, 0.02186186601547984, 0.04562027796931603], [0.033565112173266104, 0.016803702299075025, 0.9992952610884536, -0.10644731705164026], [0.0, 0.0, 0.0, 1.0]]), (0.14, [[0.9902907649616297, 0.13729648923351837, 0.021768667296389266, -0.000659783089837474], [-0.13739701795350165, 0.9905109378570829, 0.003184563230210158, 0.0738041411765197], [-0.02112487370839522, -0.00614459352865928, 0.9997579625495223, -0.10643140881188755], [0.0, 0.0, 0.0, 1.0]]), (0.14, [[0.9936665246422766, 0.10904866467551728, 0.027115061088387016, -0.0025977464234459104], [-0.10975811106515211, 0.9936125483989311, 0.026215657908803494, 0.0425980689601], [-0.0240830824594793, -0.02902571957192909, 0.9992885032574838, -0.0809724293789454], [0.0, 0.0, 0.0, 1.0]])]),
#     ((186, 'xylitol'), [(0.1, [[-0.8276801270957056, -0.14962788092500406, 0.5408854818357858, -0.06855066959304584], [0.16690658878950498, -0.9858208074181088, -0.017306827559076563, 0.0701615234480984], [0.5358057463572861, 0.0759528334652588, 0.8409181703704056, -0.10513498990152564], [0.0, 0.0, 0.0, 1.0]]), (0.1, [[0.8585115071286304, 0.0099864226748926, 0.5126970484505307, -0.058687262799070695], [0.010068168833022055, 0.999289364202219, -0.03632352637994213, 0.07833011240079697], [-0.512695449661958, 0.03634608582066272, 0.8578008731293293, -0.09964894301148042], [0.0, 0.0, 0.0, 1.0]]), (0.1, [[-0.7237656771360659, -0.014841717766761433, 0.6898861993209491, -0.07752259166875214], [-0.10332646956347197, -0.9861659271766303, -0.1296163753674933, 0.09373508795128019], [0.6822659930608604, -0.1650953890621717, 0.7122195077524124, -0.08302295532968508], [0.0, 0.0, 0.0, 1.0]])]),
#     ((189, 'xylitol'), [(0.1, [[0.13647369021374292, -0.10574139734532838, 0.9849841058448101, -0.10412413300350261], [0.18818878192967162, 0.9789489037636635, 0.07901915068986758, 0.0009975854792119675], [-0.9726047060523972, 0.17457892400681957, 0.15350011419328422, -0.01835434733424119], [0.0, 0.0, 0.0, 1.0]]), (0.1, [[0.06218898162862475, 0.030192952153221434, 0.9976075963044124, -0.11281529423328898], [-0.07998410389241217, 0.9964782374148032, -0.025172713068216713, 0.02409167788782232], [-0.9948542977182752, -0.07822728423612975, 0.06438492302175547, -0.006745592358469611], [0.0, 0.0, 0.0, 1.0]]), (0.1, [[0.2727695213072315, -0.5807708581686875, 0.7670084735828087, -0.09875202788863695], [0.10647593989501487, 0.8105662128717974, 0.5758865242164859, -0.046666820531186266], [-0.9561692645495864, -0.07541634340564596, 0.28293588086000104, -0.03642702241424479], [0.0, 0.0, 0.0, 1.0]])]),
#     ((192, 'gogotea_straight'), [(0.1, [[0.9997200258798052, 0.008505821664153233, 0.022079874381429, -0.0009740511032398145], [0.007152704965290449, -0.9981332013394043, 0.06065435842239113, 0.059689753158434715], [0.022554570857401837, -0.06047944594463479, -0.997914589507373, 0.09680242738885432], [0.0, 0.0, 0.0, 1.0]]), (0.1, [[-0.9989081616138059, -0.046171589830865264, 0.0071182128246667364, 0.0015681184116054766], [-0.046128822042315366, 0.9989171192119395, 0.006059762562042247, 0.028389225870812242], [-0.007390293520240291, 0.005724791508017422, -0.9999563042072762, 0.12587325015927286], [0.0, 0.0, 0.0, 1.0]]), (0.1, [[-0.9983608316252581, -0.05692873381150655, 0.005896536537792985, 0.0030244306237208274], [-0.0570679320325521, 0.9980050558525009, -0.027002955882175536, 0.042538211718296706], [-0.00434752918919639, -0.027295196637235168, -0.9996179626389692, 0.10688370278591976], [0.0, 0.0, 0.0, 1.0]])]),
#     ((196, 'java_curry_chukara'), [(0.13, [[0.2024073054444133, -0.97921356746112, -0.013117621842350546, 0.06562004487067558], [-0.9792972795901466, -0.20242726790993623, 0.00019847885859694648, 0.03308753433264709], [-0.0028497175422149824, 0.012805877813949547, -0.9999139405985618, 0.10639347913293455], [0.0, 0.0, 0.0, 1.0]]), (0.13, [[0.24608848337556213, 0.9692154286692076, -0.0078683657438543, -0.07172766062651448], [0.9692470384697971, -0.24608697448588812, 0.0011744811235163788, 0.049454798849567994], [-0.0007979770944608458, -0.007915416473267973, -0.9999683542065773, 0.11060619474012348], [0.0, 0.0, 0.0, 1.0]]), (0.13, [[-0.15031465941253938, -0.9881220579359078, -0.03194216314215104, -0.04965740190838229], [-0.9883228949000397, 0.14937232694853378, 0.030095902684355233, 0.04378809818748345], [-0.02496715005959117, 0.036093026507731406, -0.9990365032647278, 0.10884194622741564], [0.0, 0.0, 0.0, 1.0]])]),
#     ((209, 'vermont_curry_amakuchi'), [(0.06, [[0.046276473551388614, -0.9989142557669393, 0.005366341512691664, 0.04351202523736249], [-0.017236957180663152, -0.006169806519201327, -0.9998323963518425, 0.17491155850880002], [0.9987799433823251, 0.04617621804672645, -0.01750375914201172, 0.0018130668667318672], [0.0, 0.0, 0.0, 1.0]]), (0.06, [[-0.037113443524113186, -0.9993093769410419, 0.0018334305250320426, 0.02887541925764791], [-0.017997636631767455, -0.001165983300988396, -0.9998373495517223, 0.1552073776757124], [0.9991489765722898, -0.03714040442226597, -0.017941933393511498, 0.0016364610602376084], [0.0, 0.0, 0.0, 1.0]]), (0.06, [[0.0432924887706334, -0.9990621764443808, -0.0007266458982997381, 0.0403633210618083], [-0.009155892865849122, 0.0003305440033372949, -0.9999580293024757, 0.15044534852753938], [0.9990204852964096, 0.043297324846678385, -0.009132996181294123, -0.0014456085508527646], [0.0, 0.0, 0.0, 1.0]])]),
#     ((214, 'nonio_strong_energy'), [(0.1, [[0.985262653787435, 0.07822698365169156, -0.15211193930950695, 0.01847550923201625], [0.08343134006749148, -0.9961164741939158, 0.028127945783957945, 0.00619244539106814], [-0.14932084431278786, -0.04040431744554863, -0.9879629429211783, 0.10085724280620159], [0.0, 0.0, 0.0, 1.0]]), (0.1, [[0.9679901244980685, -0.24984479653528244, 0.023931078505966097, -0.0008419065626213641], [-0.2505022571553348, -0.9676449417458531, 0.030197448133049243, 0.0010093582397395031], [0.015612111782134206, -0.03522562075974022, -0.999257433101097, 0.11014031191187548], [0.0, 0.0, 0.0, 1.0]]), (0.1, [[-0.996480919743138, 0.008380712750545917, 0.08339988154465838, -0.008127033891387862], [0.009096564051604306, 0.9999249454351099, 0.00820707128320746, 0.01064321464205509], [-0.0833248408958889, 0.008936842305055256, -0.9964823649916188, 0.10856385740094873], [0.0, 0.0, 0.0, 1.0]])]),
#     ((223, '004_sugar_box'), [(0.135, [[0.04177184486220972, 0.12900311539159431, -0.9907640027756712, 0.0932417084702459], [0.9911071028136024, -0.13074214165686285, 0.024762938989633967, -0.01822658234002949], [-0.12634011132350254, -0.9829876340088108, -0.13331724440793538, 0.13006514341127048], [0.0, 0.0, 0.0, 1.0]]), (0.135, [[0.019906702340414743, -0.03930155046815097, -0.9990290843277432, 0.08694215138837795], [0.9955059543170103, -0.09175065370892634, 0.023445947695995402, -0.013732554635730304], [-0.09258303365794834, -0.9950061334860123, 0.037298474552012705, 0.16458364817050405], [0.0, 0.0, 0.0, 1.0]]), (0.135, [[0.03202012717443692, 0.06384666330011107, -0.9974458957964463, 0.10760134809445315], [0.9934501363901413, -0.11155357444893212, 0.024751293583895207, -0.01951897049950459], [-0.1096883674878175, -0.9917053007890544, -0.06700043600416859, 0.08431048183272777], [0.0, 0.0, 0.0, 1.0]])]),
#     ((246, 'gogotea_straight'), [(0.1, [[-0.034539630217810764, -0.6589067793168338, -0.7514312144932058, 0.08299052357047382], [-0.11968355385386101, -0.7437418574947817, 0.6576654897036351, -0.043598131028094164], [-0.9922110969351874, 0.11264948104864878, -0.05317173627166287, 0.002424720106250644], [0.0, 0.0, 0.0, 1.0]]), (0.1, [[0.00799870471347432, -0.0645030265040154, -0.9978854544960201, 0.11326614886215612], [0.05247373748822245, 0.9965695386968112, -0.06399735475503801, 0.030145139104770305], [0.9985902701293077, -0.0518508834394107, 0.011355980346446672, -0.0019387355525400224], [0.0, 0.0, 0.0, 1.0]]), (0.1, [[0.01056202467233958, -0.08489739969909353, -0.9963337167631905, 0.10108847783791906], [-0.21503948097403452, -0.9732693354689907, 0.08065247831385644, 0.005992251876862619], [-0.976548240107594, 0.2133992318638509, -0.028535987501393252, -0.0017096273923581347], [0.0, 0.0, 0.0, 1.0]])]),
#     ((250, 'vermont_curry_amakuchi'), [(0.13, [[0.26721809842775024, -0.962713461843571, -0.04215777814147037, -0.062266739056591636], [-0.9636027059171618, -0.26731709435902384, -0.003375827687137551, 0.03611308140406449], [-0.008019539998138562, 0.0415254313477525, -0.9991052624871924, 0.11208303966731334], [0.0, 0.0, 0.0, 1.0]]), (0.13, [[0.1661711852896827, 0.9859781137928898, -0.015306740372710292, -0.053888389753841255], [0.9858926634498537, -0.16580082308303984, 0.022929091145095386, 0.045349418699134524], [0.020069711885712674, -0.018900957287982162, -0.9996199080042487, 0.1145392776451824], [0.0, 0.0, 0.0, 1.0]]), (0.13, [[0.4022842914988464, 0.9155087708661975, -0.0033225412467310367, -0.07020199602470842], [0.9152019790753692, -0.4020493240588889, 0.02759852387934488, 0.036980584298146164], [0.023930865212094466, -0.014143248949783974, -0.9996135664342222, 0.1037747857528072], [0.0, 0.0, 0.0, 1.0]])]),
#     # ((257, 'toppo'), [(0.13, [[-0.9988685052203093, -0.04739306961960654, -0.003950472247334025, 0.004326901797954985], [0.047406680039748704, -0.998869796349263, -0.003425876353786169, 0.10894667722680045], [-0.0037836446126345057, -0.0036092787664112505, 0.9999863284766607, -0.11525127873245818], [0.0, 0.0, 0.0, 1.0]]), (0.13, [[-0.9996464221222185, -0.026281151465998482, -0.004041264142485845, -0.004258691416655226], [0.026308936521830487, -0.9996294690491118, -0.00698315599724866, 0.11501844313146582], [-0.0038562413485659424, -0.007087008269563545, 0.9999674513285164, -0.11136246813670912], [0.0, 0.0, 0.0, 1.0]]), (0.13, [[-0.9981851345691141, -0.06021242298861907, -0.0009493382323126909, 0.0005035357754504191], [0.06021926517045184, -0.9981232139772875, -0.011121592600914814, 0.12687744102188486], [-0.0002778984895940359, -0.011158576857715099, 0.9999377025269824, -0.11155692319509937], [0.0, 0.0, 0.0, 1.0]])]),
#     # ((264, '052_extra_large_clamp'), [(0.07, [[0.10581477116928856, 0.9917041876782174, 0.07297971186486163, 0.048302488940113776], [0.9940262167141394, -0.10746493714393504, 0.019056961185484604, -0.09247767296746318], [0.026741628360406142, 0.07052723889489207, -0.9971513395099547, 0.129835128310881], [0.0, 0.0, 0.0, 1.0]]), (0.07, [[0.5045875578806718, 0.8627096643962445, 0.03351762803868552, 0.05867658944636274], [0.8625249734123243, -0.5054267802504792, 0.024381141189528794, -0.08941406857656715], [0.03797455295444168, 0.01660737074174294, -0.9991406950800057, 0.12566921780542614], [0.0, 0.0, 0.0, 1.0]]), (0.07, [[-0.32072043416298357, -0.9470698105682273, 0.014041973528311935, 0.049367367471840375], [-0.9449981925549219, 0.3209528239100201, 0.06298968877613609, -0.09239191653453613], [-0.06416244367414822, 0.006932440727914839, -0.9979153882405641, 0.12428029907580009], [0.0, 0.0, 0.0, 1.0]])]),
#     ((292, 'gogotea_straight'), [(0.1, [[-0.9840105863540274, 0.16945761989165775, 0.054838681638587294, 0.0007880742520895261], [0.13755931228550286, 0.9186405692266983, -0.3703740544022854, 0.200079161170638], [-0.11313974344474763, -0.35690841910986343, -0.9272625188271956, 0.10164752722450841], [0.0, 0.0, 0.0, 1.0]]), (0.1, [[-0.9639853711079669, 0.09873069609075388, -0.24695030661910633, 0.024770945680652155], [0.23783150179525078, 0.7355962554750445, -0.634298293931892, 0.2222621832518999], [0.11903100874835526, -0.6701868385611048, -0.732585299044296, 0.07323667964009126], [0.0, 0.0, 0.0, 1.0]]), (0.1, [[-0.9999096600309876, 0.002727737033279695, 0.013161733449360558, 0.004034833677761953], [0.0030654756855015247, 0.9996647666707316, 0.025709086642144996, 0.13034981722057137], [-0.013087193569911877, 0.02574711105792248, -0.9995828187982397, 0.12532459064640847], [0.0, 0.0, 0.0, 1.0]])]),
#     ((297, '010_potted_meat_can'), [(0.135, [[-0.9880274923519636, -0.15188874981218192, 0.027045924594721216, -0.031509807119995605], [-0.003565106763280617, 0.19773781475691163, 0.9802484616814902, -0.12395199787033515], [-0.15423671537755634, 0.9684160078683406, -0.1959118968666501, 0.021950574878763555], [0.0, 0.0, 0.0, 1.0]]), (0.135, [[-0.9978441019860566, 0.007779023877950674, -0.06516620994922873, -0.028893512882241304], [-0.06526926993697194, -0.013824568438807304, 0.9977719196837399, -0.14096281608532885], [0.006860796858627697, 0.9998741761316707, 0.014302495288502564, 0.04332923949597053], [0.0, 0.0, 0.0, 1.0]]), (0.135, [[0.9974267891784414, 0.015040145752168424, -0.07009703449460747, -0.026971501649728294], [0.06997921378796922, 0.008222660105923957, 0.9975145600433107, -0.13514547422575127], [0.015579148462043948, -0.9998530801455462, 0.007149003892964184, 0.02233418277770206], [0.0, 0.0, 0.0, 1.0]])]),
#     # ((336, '052_extra_large_clamp'), [(0.07, [[-0.40510418646029334, -0.9111192036894759, 0.07584454351237158, 0.03765056101348291], [0.9061792114401704, -0.4111472352576334, -0.09898074405497119, 0.05268829686196976], [0.12136653107844596, 0.028631234836456826, 0.9921947477817671, -0.09071817190008427], [0.0, 0.0, 0.0, 1.0]]), (0.07, [[-0.47352461837623494, -0.8806685506486487, -0.014047764592626466, 0.022535296438226673], [0.8799886934518598, -0.47236253729984645, -0.0499352856459244, 0.019627287798726075], [0.037340797909658566, -0.036007461088779225, 0.998653657459587, -0.09721168263634229], [0.0, 0.0, 0.0, 1.0]]), (0.07, [[-0.7164211529223528, 0.6976441465742973, -0.005777230826961466, 0.024455567026481294], [-0.6976620065863577, -0.7164248816827885, 0.0017645032446860836, -0.07256051867956485], [-0.0029079565513934784, 0.005294681900143787, 0.9999817548996939, -0.09306735539581261], [0.0, 0.0, 0.0, 1.0]])]),
#     ((344, '052_extra_large_clamp'), [(0.07, [[0.40785311960322734, -0.9126737900318551, -0.026122515552783776, 0.020141035593198464], [0.9123270805516475, 0.4085008147580441, -0.02804251119500282, -0.055871785944299], [0.036264733861195615, -0.012395052678545522, 0.9992653460152979, -0.09904372981466204], [0.0, 0.0, 0.0, 1.0]]), (0.07, [[0.4078403434122412, -0.9128994709392237, 0.01675739371953089, 0.05583025693744975], [0.9108941850104416, 0.4080688061667417, 0.06125057671413142, -0.09712647490390659], [-0.06275378872664768, -0.00971624374623848, 0.9979817416205146, -0.08878574591600341], [0.0, 0.0, 0.0, 1.0]]), (0.07, [[0.5108957732611589, -0.8595486126796578, 0.01271578956880326, 0.018677488792354015], [0.8593195023003177, 0.5102422849103809, -0.03496860957727617, -0.06631300852553322], [0.023569086325458524, 0.028792240793469728, 0.9993075127506417, -0.08827757947766396], [0.0, 0.0, 0.0, 1.0]])]),
#     ((352, 'vermont_curry_amakuchi'), [(0.13, [[0.24746156470902425, 0.9651143337362895, 0.08554003044492986, -0.07005099096506262], [-0.968491110307167, 0.24894927048439186, -0.00701640800413144, 0.047528322683003936], [-0.028066764112607244, -0.0811084677579797, 0.9963100286608582, -0.1106668031247111], [0.0, 0.0, 0.0, 1.0]]), (0.13, [[-0.3440979396849374, 0.9249579722511545, 0.16139813342667164, -0.08747480346390948], [-0.9375679049763321, -0.34775144215854475, -0.005946262266613825, 0.04666188968616582], [0.050626390972221554, -0.153367806418703, 0.9868714630038925, -0.10070419890158767], [0.0, 0.0, 0.0, 1.0]]), (0.13, [[-0.3436792204710991, -0.9277787798493983, 0.14529669327806416, -0.08092876706044763], [0.9375700188965128, -0.34778323917697185, -0.0030460160810968718, 0.029796837000301248], [0.0533577837130698, 0.1351789710300216, 0.989383440688439, -0.09911412738618733], [0.0, 0.0, 0.0, 1.0]])]),
#     ((361, 'kinokonoyama'), [(0.13, [[0.008748032784579059, -0.9997641273036254, 0.01987867398044041, -0.025045824647592377], [0.9999023042721579, 0.008529050117377694, -0.011074168832216801, 0.05000619682531149], [0.01090201053150805, 0.019973609110923093, 0.9997410670295861, -0.11271456856681737], [0.0, 0.0, 0.0, 1.0]]), (0.13, [[0.03925185166949287, 0.9988832614368625, 0.026296808965601715, -0.04979962008956283], [-0.9991475529415037, 0.039571771558048315, -0.011757650563060405, 0.05145568273603915], [-0.012785131658357153, -0.025812882772267908, 0.9995850316463647, -0.11328544966645686], [0.0, 0.0, 0.0, 1.0]]), (0.13, [[0.08597712660698785, 0.9866800292502896, 0.13809581303954888, -0.08368684182282227], [-0.9961680299785063, 0.0873673269305246, -0.004025696679701085, 0.040112757518916534], [-0.016037136563243116, -0.13722051619077535, 0.9904106926862155, -0.11019564670503963], [0.0, 0.0, 0.0, 1.0]])]),
#     # ((364, 'gogotea_straight'), [(0.1, [[0.013217323094977276, -0.04985212332076718, -0.9986691485024526, 0.12417932131242655], [-0.22266658125077907, -0.9738245770402261, 0.04566494001436124, 0.12555998733342255], [-0.9748050553645552, 0.22176667683138518, -0.023971755940497715, -8.893946885988853e-05], [0.0, 0.0, 0.0, 1.0]]), (0.1, [[-0.15443642487167916, -0.4871511164901033, -0.8595540590185704, 0.09560396713286837], [0.23309478246341667, 0.8274676701822042, -0.5108464321022194, 0.19866226131527473], [0.9601126043653352, -0.27925086303480023, -0.014238765154766181, -0.0016498390976023237], [0.0, 0.0, 0.0, 1.0]]), (0.1, [[-0.00512397092286445, 0.06443674498135571, -0.9979086385126594, 0.11877253727248754], [0.1307871434455103, 0.9893930190502367, 0.06321532222508579, 0.10176766449714546], [0.9913972301914835, -0.13018970677770822, -0.01349711886993682, 0.0004010587180837174], [0.0, 0.0, 0.0, 1.0]])]),
#     ((373, '052_extra_large_clamp'), [(0.07, [[-0.6136184941999485, 0.7895605920840576, -0.008149540088899787, 0.05504509809506825], [0.7892441072178874, 0.6129961974817222, -0.03646095301537615, 0.04865896277227665], [-0.023792494565049106, -0.028805091578090084, -0.9993018482428371, 0.13117751152010468], [0.0, 0.0, 0.0, 1.0]]), (0.07, [[-0.5503398994229018, 0.8135762596724099, -0.18766902994538603, 0.05132672251007174], [0.8011649058040052, 0.5778480122479582, 0.15564854142953943, 0.010272317442778452], [0.23507613407415454, -0.06469423806286997, -0.9698215643870861, 0.12090049791086029], [0.0, 0.0, 0.0, 1.0]]), (0.07, [[0.4969407451290488, -0.8671988018217874, -0.03187685601564594, 0.011253741885539067], [-0.866794078680783, -0.49779308378623244, 0.02949696422559011, 0.0050832615783275095], [-0.04144781049124992, 0.012972426660012058, -0.9990564524350124, 0.12145501641140956], [0.0, 0.0, 0.0, 1.0]])]),
#     ((380, '052_extra_large_clamp'), [(0.07, [[-0.3159967542830098, -0.94866373557337, -0.01353396063915957, 0.030125668901759953], [-0.9479794877165639, 0.31512597531392617, 0.04506118674744385, -0.07534793477991585], [-0.03848301120292387, 0.027069105829819477, -0.9988925474535936, 0.10485121181986966], [0.0, 0.0, 0.0, 1.0]]), (0.07, [[-0.5710655532423508, -0.8208934866754983, 0.00424469477716749, 0.03382912816850044], [-0.8192371078577673, 0.5702274275275299, 0.060755592369564945, -0.07857359383743827], [-0.05229431143871114, 0.0312180144961068, -0.9981436472582852, 0.12547167800020576], [0.0, 0.0, 0.0, 1.0]]), (0.07, [[-0.4994652968816746, -0.7820257333933383, 0.3727870297120226, 0.02867761554148468], [-0.22459520637379554, 0.5324766748554716, 0.816103905154713, -0.1827111908767493], [-0.8367146529640872, 0.3238893994027468, -0.4415928514703506, 0.06566415729306065], [0.0, 0.0, 0.0, 1.0]])]),
#     ((393, '052_extra_large_clamp'), [(0.07, [[-0.8475521932180025, -0.5119576928494832, 0.13983776494062083, 0.011848768217172087], [0.4683316934197923, -0.8454429517503251, -0.25669367010942695, 0.05320505576822038], [0.24964115187585514, -0.15207082582774342, 0.956323041248178, -0.0872623144473325], [0.0, 0.0, 0.0, 1.0]]), (0.07, [[0.5458057902226873, 0.8209439958194427, -0.16777066217725656, 0.07640588743565664], [-0.7871118154343316, 0.43367649320223217, -0.4386110911131696, 0.09286088422957017], [-0.2873169493139221, 0.3714507436684188, 0.8828778599926039, -0.07926907041724256], [0.0, 0.0, 0.0, 1.0]]), (0.07, [[0.7476267732259673, 0.6605953381584784, -0.06832281580127275, 0.06335437671151034], [-0.6289715702476052, 0.671278301753998, -0.3921481931802446, 0.08497752921675028], [-0.2131876445200106, 0.3361535970320033, 0.9173613178167345, -0.07477680746860256], [0.0, 0.0, 0.0, 1.0]])]),
#     ((433, '010_potted_meat_can'), [(0.13, [[0.22938487280049302, 0.9688705109885875, -0.09312632853825331, -0.02649556944300383], [-0.019530325585749988, 0.10023980249422589, 0.9947716061380285, -0.13903208991773947], [0.9731398391355768, -0.22636677082255624, 0.04191585087472362, 0.036749882260371965], [0.0, 0.0, 0.0, 1.0]]), (0.13, [[-0.07176708811986973, 0.9947779696929637, -0.07256911241251207, -0.04686866350239106], [-0.03392404157398966, 0.07028017230186896, 0.9969502779900841, -0.14873526584623056], [0.9968443431479566, 0.07401005603811257, 0.028703085882085276, 0.03967865282500344], [0.0, 0.0, 0.0, 1.0]]), (0.13, [[0.198262527327976, 0.9781123853147276, -0.06315165834289327, -0.04808143517445953], [-0.010044695565984012, 0.0664548899559406, 0.9977388694903745, -0.12283974455577748], [0.9800974820641619, -0.19717989069597786, 0.023000355575772197, 0.03831927278412969], [0.0, 0.0, 0.0, 1.0]])]),
#     ((435, 'xylitol'), [(0.11, [[0.2014988451916743, 0.0001979854384134271, 0.9794887320373766, -0.10764534698557779], [0.2801905660598229, 0.9582006424163264, -0.057834034651019384, 0.06575400443433731], [-0.938558182574473, 0.28609699347372647, 0.1930208492567496, -0.023241524086265106], [0.0, 0.0, 0.0, 1.0]]), (0.11, [[0.3805517085023451, -0.11611806827350413, 0.9174404565836283, -0.09862098975263203], [0.030828283655999458, 0.9931268526486402, 0.11291001494566978, 0.06007220774586733], [-0.9242456459636537, -0.014684984461550211, 0.38151584128131905, -0.039471937384307584], [0.0, 0.0, 0.0, 1.0]]), (0.11, [[-0.025593376717303974, 0.10660419225680497, 0.993972094810252, -0.11207630733306571], [0.013108486738373271, 0.9942480932478562, -0.10629626827143146, 0.0626256779959961], [-0.999586487825659, 0.010308989585618936, -0.026843585641406875, 0.0004974132074072606], [0.0, 0.0, 0.0, 1.0]])]),
#     ((446, '008_pudding_box'), [(0.13, [[-0.447941101121812, 0.06827633241693351, 0.8914522490618726, -0.11107075437111524], [0.8931116871854357, -0.011814444913471932, 0.4496798117596246, -0.033556656790271214], [0.041234501798416374, 0.9975964922367557, -0.05568621497603751, 0.028736165284508074], [0.0, 0.0, 0.0, 1.0]]), (0.13, [[0.4288523841822863, -0.7443884626875761, 0.5118314656200773, -0.08490918379128398], [-0.9032567229656159, -0.34418020941344984, 0.2562562699048182, -0.029578289883251407], [-0.014591949786989054, -0.57221132465702, -0.8199763868159087, 0.09715575378579043], [0.0, 0.0, 0.0, 1.0]]), (0.13, [[-0.4476805740149911, 0.193188174919823, 0.8730752732272031, -0.13295858599954025], [0.8403351942651144, -0.2428435572400426, 0.4846274527783328, -0.05237467118880502], [0.3056449982071051, 0.9506341755786769, -0.05362647939990768, 0.032749548518166846], [0.0, 0.0, 0.0, 1.0]])]),
#     ((450, 'pan_meat'), [(0.14, [[-0.9470477521062909, -0.3186136794597431, -0.03982308992965544, 0.001931416842420323], [-0.3188913398296783, 0.9477910544005425, 0.0006561859042056166, 0.10856182389863996], [0.037534898588567206, 0.013320677889367364, -0.999206530667466, 0.10500190397467195], [0.0, 0.0, 0.0, 1.0]]), (0.14, [[0.9894911729569378, 0.14377737300185192, -0.01533902386042052, -0.0038557345810622287], [0.14361031958537038, -0.9895675816108093, -0.011492499011226417, 0.13770271325406605], [-0.01683136206288746, 0.009168884208102246, -0.99981630153418, 0.0950565807852624], [0.0, 0.0, 0.0, 1.0]]), (0.14, [[-0.9207381237029624, 0.38809448879165503, -0.040298577263872204, 0.006742097595434093], [0.3890083603335588, 0.9210632237100773, -0.01774918362618745, 0.14078818527286674], [0.030229177139717456, -0.03201883349442939, -0.9990300251499509, 0.1045270314246074], [0.0, 0.0, 0.0, 1.0]])]),
#     # ((453, 'java_curry_chukara'), [(0.13, [[-0.017562177080573477, -0.9994513533570171, 0.02808134984323085, -0.028663415559705675], [0.9997124250175696, -0.017094225164534013, 0.016818285629486486, 0.028887366930257844], [-0.016329029416390903, 0.028368640059959673, 0.9994641479610298, -0.11204924587223934], [0.0, 0.0, 0.0, 1.0]]), (0.13, [[-0.309041116107852, -0.9483607205114845, 0.07145300795454279, -0.06207010363341124], [0.9507714791586135, -0.30989167600040074, -0.0008623016906364897, 0.03784964257963922], [0.022960465442933474, 0.06766899538637669, 0.9974435944403285, -0.1067459969052631], [0.0, 0.0, 0.0, 1.0]]), (0.13, [[0.00040260623866799565, -0.9996055600581656, 0.02808134984323085, -0.02792593098088052], [0.9998581796125224, 0.0008751745072019352, 0.016818285629486486, 0.028655003071296238], [-0.01683622790739165, 0.028070596188596968, 0.9994641479610298, -0.10412143366431136], [0.0, 0.0, 0.0, 1.0]])]),
#     ((463, '033_spatula'), [(0.07, [[0.07449030906241061, -0.7274246292283861, 0.6821323937827106, -0.2273720137610011], [0.9390607217198963, 0.28135746588620447, 0.19749161327256642, -0.060470187352413135], [-0.33558330527410657, 0.6258525267042054, 0.7040543019109162, -0.039097335014317065], [0.0, 0.0, 0.0, 1.0]]), (0.07, [[0.20237869929134758, -0.8958194466622323, 0.39566448040595525, -0.21014868091305028], [0.979268344930602, 0.1815127517182569, -0.08992568921362892, -0.036509967729942965], [0.008739032556413673, 0.4056607448908985, 0.9139819414871059, -0.07510279754686967], [0.0, 0.0, 0.0, 1.0]]), (0.07, [[-0.0739525729660389, 0.9968107011336866, -0.029990716181373278, -0.08806681053683321], [-0.9962261189471615, -0.0724721736580414, 0.04776299794563936, -0.06801672303267027], [0.0454371750792141, 0.03340973137646657, 0.9984083598258648, -0.09119258247708066], [0.0, 0.0, 0.0, 1.0]])]),
#     ((471, 'calorie_mate_cheese'), [(0.14, [[0.07000869656739556, -0.9974973482603996, 0.009890531755455179, -0.01093734463709069], [0.9973778206111591, 0.0698111649375477, -0.01907574908089689, 0.05376293815537538], [0.01833753958057526, 0.011200065336141797, 0.9997691199364965, -0.09175593470996499], [0.0, 0.0, 0.0, 1.0]]), (0.14, [[-0.0731952378069672, 0.9972996333129615, 0.005991540387471961, 0.005162120978033047], [-0.9970902605010947, -0.07304895396762837, -0.02179134548610068, 0.053743866419898666], [-0.021294825104724663, -0.007569129280735768, 0.9997445867348775, -0.09546002777365026], [0.0, 0.0, 0.0, 1.0]]), (0.14, [[-0.045592760422048816, 0.9989384761939303, 0.006574266228740022, -0.0065985720828582685], [-0.998652066117861, -0.045414291487028, -0.025131513429540207, 0.050705106542167], [-0.02480627008692686, -0.007711219623377062, 0.9996625360872008, -0.10527656306419463], [0.0, 0.0, 0.0, 1.0]])]),
