# <problem>: (<pregrasp_opening>, [<successful_grasp>*])

episodes = [
    # ((22, '010_potted_meat_can'), [(0.13, [[0.1426278279687659, 0.9666155722445002, 0.21286530525980352, -0.08757660582602009], [0.041602400841031076, 0.2090193073633296, -0.9770261866468145, 0.08893864089505617], [-0.9889016851705604, 0.14820683062460804, -0.010401558682930745, 0.03480058243461427], [0.0, 0.0, 0.0, 1.0]]), (0.13, [[-0.12182871883020506, -0.8792876682538401, 0.46044647867577027, -0.11099980805381313], [-0.07926476751379538, -0.45380140869237107, -0.887570491904617, 0.07119447275981176], [0.989381048888231, -0.1446287589850151, -0.014410488377554013, 0.0446617956204303], [0.0, 0.0, 0.0, 1.0]]), (0.13, [[-0.10169308570305184, -0.9944524256176516, 0.0268866045338787, -0.05866762057087504], [-0.010373763882516117, -0.02596519621702799, -0.9996090203716257, 0.08197833356145283], [0.9947617309401792, -0.10193224106523245, -0.007675733731558154, 0.042547880962409815], [0.0, 0.0, 0.0, 1.0]])]),
    ((27, 'chip_star'), [(0.13, [[-0.3779651095504733, -0.055508333737201654, 0.9241543165771711, -0.09689687510285483], [-0.14787365531478266, 0.9890056761535212, -0.0010745231320698062, 0.018963093997238705], [-0.913934219747977, -0.1370642091205284, -0.38201785894355844, 0.04139881729274539], [0.0, 0.0, 0.0, 1.0]]), (0.13, [[-0.6167020537816166, 0.009518321150579115, 0.7871391099570715, -0.08543154783870294], [-0.009993789617830316, 0.9997516448290906, -0.01991915737681418, 0.02022530312075443], [-0.7871332168258499, -0.020150687928757717, -0.6164537685385557, 0.06754407084119199], [0.0, 0.0, 0.0, 1.0]]), (0.13, [[-0.1369319064013624, -0.038732023718971886, 0.9898229555571652, -0.11470233268681537], [-0.17944983789516072, 0.9836721955148444, 0.013666288830773707, 0.0036164304581612064], [-0.9741906428870527, -0.17575221793661266, -0.14164656438358236, 0.014340875118277585], [0.0, 0.0, 0.0, 1.0]])]),
    ((44, '008_pudding_box'), [(0.13, [[-0.6070517826959748, 0.7819681635348444, 0.141470577660453, -0.05524665065109118], [0.7932756651514971, 0.6068245082454193, 0.04977685477362905, -0.009678564906392847], [-0.04692389800612429, 0.14244229502029232, -0.9886902145693883, 0.1177422979377207], [0.0, 0.0, 0.0, 1.0]]), (0.13, [[0.4290875987673454, -0.8934952406665873, 0.13247674320510616, -0.0570320494880924], [-0.9029952769657894, -0.42789164458795165, 0.03883645541621863, -0.005396026644267667], [0.0219855034409371, -0.13629011482120076, -0.9904249806221936, 0.12850442356004757], [0.0, 0.0, 0.0, 1.0]]), (0.13, [[-0.37350277599760734, 0.918818046661747, 0.1275502781289528, -0.05181832654111539], [0.9276222850501418, 0.37047797296323326, 0.047570661414441724, -0.009618359320204845], [-0.0035457862928863445, 0.13608625455109646, -0.9906906473374115, 0.11246625904018406], [0.0, 0.0, 0.0, 1.0]])]),
    ((47, 'kinokonoyama'), [(0.13, [[0.04954476341874296, -0.9987667435487098, -0.0032106695387634776, -0.0016330160756938533], [-0.9987694238379222, -0.049551548457556986, 0.0020693119444402104, 0.04673977176550381], [-0.0022258535993662097, 0.003104194994637339, -0.9999927047479846, 0.10181406965684824], [0.0, 0.0, 0.0, 1.0]]), (0.13, [[0.18062382690699919, 0.9834605485093577, 0.013430661902689378, -0.038550802339053045], [0.9834980433171304, -0.18074039776181744, 0.008031650408019408, 0.042673674692693814], [0.010326274490202764, 0.01175832226867344, -0.9998775474589771, 0.1076864888457039], [0.0, 0.0, 0.0, 1.0]]), (0.13, [[-0.07495060874345084, -0.9967104111312625, -0.030834438401499575, 0.055186931673706106], [-0.9971838665111169, 0.07483399605210565, 0.004920305357640884, 0.04551343314407656], [-0.0025966553342988857, 0.031116384388665035, -0.9995123951225676, 0.1122609566969193], [0.0, 0.0, 0.0, 1.0]])]),
    ((65, 'kinokonoyama'), [(0.13, [[0.16222091851606996, 0.9866791136513153, -0.012194272428386776, 0.032117348829835454], [0.9867396223791541, -0.16227387181418923, -0.003479677208640685, 0.046355820755635234], [-0.0054121366249255485, -0.011468095338249393, -0.9999195925505542, 0.11458669779296332], [0.0, 0.0, 0.0, 1.0]]), (0.13, [[-0.013779118748411775, 0.99990438061918, -0.001168548283924098, -0.008114949658088719], [0.9998837561894042, 0.01378644501922185, 0.006512145752371337, 0.04232286264610902], [0.006527633191695299, -0.0010786808177892626, -0.9999781129867836, 0.116610245989423], [0.0, 0.0, 0.0, 1.0]]), (0.13, [[-0.019340890268691326, -0.9997532598008742, -0.010924718812899137, 0.02275019589311996], [-0.9998128993811399, 0.019343124308094314, -9.885889207454204e-05, 0.04586383997611716], [0.0003101526936407049, 0.010920762772264373, -0.9999403185919542, 0.11205573095391355], [0.0, 0.0, 0.0, 1.0]])]),
    ((86, '033_spatula'), [(0.08, [[-0.3781258296114588, -0.9206806021543794, -0.09678887228032096, -0.12074330110087235], [-0.9255725598639264, 0.37805078017754384, 0.01982533818347809, -0.0579546005390474], [0.018338304381401042, 0.09708159673079433, -0.9951074666429827, 0.125675582795905], [0.0, 0.0, 0.0, 1.0]]), (0.08, [[-0.5526556056890949, -0.8333403234743137, 0.010755778546709616, -0.15289019254790254], [-0.8319970422738979, 0.5509217476395218, -0.06531576858080233, -0.043235829936463625], [0.048504671402922334, -0.045045901584287465, -0.9978066764672169, 0.12566590526088398], [0.0, 0.0, 0.0, 1.0]]), (0.08, [[0.05175700919284389, -0.9956649334134196, -0.0772822901463397, -0.1252399468637984], [-0.99858478430367, -0.050650013813248, -0.01621741834913899, -0.052781418508813904], [0.0122327656973015, 0.07801228410685679, -0.9968773460019171, 0.12747350987493278], [0.0, 0.0, 0.0, 1.0]])]),
    ((100, 'gogotea_straight'), [(0.1, [[-0.9995037852180069, -0.029260558394855966, 0.01166203486950268, 0.0016861283673831485], [-0.029933569197492165, 0.9975983767867126, -0.06246166878666546, 0.035891510969961675], [-0.00980636374887361, -0.06277976071105539, -0.9979792266751284, 0.09881220771476724], [0.0, 0.0, 0.0, 1.0]]), (0.1, [[0.9980092717660617, 0.053915628215483014, 0.03272000157558019, 0.0009856707408798329], [0.05562082663613948, -0.9970090282850687, -0.05365930639112558, 0.012383642126038605], [0.029729061762670577, 0.05537239883004878, -0.9980230860729211, 0.11343256338096931], [0.0, 0.0, 0.0, 1.0]]), (0.1, [[0.9452625006132087, -0.32568373338863554, -0.02022154149673505, 0.001235731933533264], [-0.32630546921656994, -0.9437876032379153, -0.05281761764587363, 0.010982768085195977], [-0.001883001279377983, 0.0565249129187453, -0.9983994133240014, 0.12650741539751337], [0.0, 0.0, 0.0, 1.0]])]),
    ((121, '052_extra_large_clamp'), [(0.06, [[-0.6298790026101008, 0.7759700252135168, -0.03351062579300157, 0.06168348109295214], [0.774954571762524, 0.6307690452843411, 0.039696639850796876, 0.041431102227933767], [0.05194086806424733, -0.0009651327447176014, -0.9986496957109221, 0.13138246444601404], [0.0, 0.0, 0.0, 1.0]]), (0.06, [[-0.670000625765352, 0.6929108578743715, 0.26640890471949175, -0.00973080393678695], [0.6441151481469011, 0.7210231118825071, -0.2554238596117469, 0.04817754162635245], [-0.36907294319921696, 0.0004638653557772673, -0.9294003160249082, 0.12577683830531122], [0.0, 0.0, 0.0, 1.0]]), (0.06, [[0.66770733065003, -0.7433617864328189, -0.03975141591969433, 0.05457783163514638], [-0.7429852871821159, -0.6687843413292557, 0.026464463412331957, 0.0426207532548311], [-0.0462577953119347, 0.011864200950855823, -0.9988590777024943, 0.1207675034347273], [0.0, 0.0, 0.0, 1.0]])])
]
